274	70060
277	70060
287	70060
290	70060
291	70060
292	70060
293	70060
294	70060
295	70060
296	70060
297	70060
298	70060
299	70060
301	70060
302	70060
303	70060
304	70060
10	70034
17	70037
317	70060
316	70060
315	70060
314	70060
313	70060
312	70060
311	70060
307	70060
308	70060
309	70060
310	70060
6876 70049
309	70028
6855 70033
6870 70033
6912 70033
6908 70033
6852 70033
6893 70033
6887 70033
6885 70033
6886 70033
6899 70033
6901 70033
6902 70040
6900 70040
6879 70040
6909 70040
6853 70040
6801 70052
6865 70052
6833 70052
6907 70052
6898 70052
6910 70052