614922
614923
614924
614925
614926
614927
614928
614929
614930
614931
614932
614933
614934
614935
614936
614937
614938
614939
614940
614941
614942
614943
614944
614945
614946
614947
614948
614949
614950
614951
614952
614953
614954
614955
614956
614957
614958
614959
614960
614961
614962
614963
614964
614965
614966
614967
614968
614969
614970
614971
614972
614973
614974
614975
614976
614977
614978
614979
614980
614981
614982
614983
614984
614985
614986
614987
614988
614989
614990
614991
614992
614993
614994
614995
614996
614997
614998
614999
615000
615001