614272
614273
614274
614275
614276
614277
614278
614279
614280
614281
614282
614283
614284
614285
614286
614287
614288
614289
614290
614291
614292
614293
614294
614295
614296
614297
614298
614299
614300
614301
614302
614303
614304
614305
614306
614307
614308
614309
614310
614311
614312
614313
614314
614315
614316
614317
614318
614319
614320
614321
614322
614323
614324
614325
614326
614327
614328
614329
614330
614331
614332
614333
614334
614335
614336
614337
614338
614339
614340
614341
614342
614343
614344
614345
614346
614347
614348
614349
614350
614351
614352
614353
614354
614355
614356
614357
614358
614359
614360
614361
614362
614363
614364
614365
614366
614367
614368
614369
614370
614371
614372
614373
614374
614375
614376
614377
614378
614379
614380
614381
614382
614383
614384
614385
614386
614387
614388
614389
614390
614391
614392
614393
614394
614395
614396
614397
614398
614399
614400
614401
614402
614403
614404
614405
614406
614407
614408
614409
614410
614411
614412
614413
614414
614415
614416
614417
614418
614419
614420
614421
614422
614423
614424
614425
614426
614427
614428
614429
614430
614431
614432
614433
614434
614435
614436
614437
614438
614439
614440
614441
614442
614443
614444
614445
614446
614447
614448
614449
614450
614451
614452
614453
614454
614455
614456
614457
614458
614459
614460
614461
614462
614463
614464
614465
614466
614467
614468
614469
614470
614471
614472
614473
614474
614475
614476
614477
614478
614479
614480
614481
614482
614483
614484
614485
614486
614487
614488
614489
614490
614491
614492
614493
614494
614495
614496
614497
614498
614499
614500
614501
614502
614503
614504
614505