Project Number  Work Order Number   systemWO
10300	70049	614922
415	70028	614923
10301	70052	614924
93	70060	614925
94	70060	614926
95	70060	614927
874	70060	614928
875	70060	614929
876	70060	614930
877	70060	614931
10303	70033	614932
878	70060	614933
10306	70033	614934
10307	70052	614935
10308	70052	614936
10309	70052	614937
10302	70052	614938
10310	70052	614939
367	70034	614940
10311	70040	614941
26	70060	614942
95	70060	614943
96	70060	614944
97	70060	614945
99	70060	614946
100	70060	614947
879	70060	614948
880	70060	614949
10314	70033	614950
10315	70033	614951
10312	70049	614952
10316	70033	614953
10317	70033	614954
10318	70033	614955
416	70028	614956
368	70034	614957
10313	70033	614958
10319	70052	614959
2026-578	70032	614960
2026-579	70032	614961
2026-580	70032	614962
2026-581	70032	614963
2026-582	70032	614964
2026-583	70032	614965
2026-584	70032	614966
2026-585	70032	614967
2026-586	70032	614968
2026-587	70032	614969
2026-588	70032	614970
2026-589	70032	614971
2026-590	70032	614972
2026-591	70032	614973
2026-592	70032	614974
10067	70033	614975
10108	70033	614976
10109	70033	614977
10112	70033	614978
10118	70033	614979
10119	70033	614980
10121	70033	614981
10127	70033	614982
10113	70049	614983
10114	70055	614984
10105	70040	614985
10120	70052	614986
10107	70052	614987
10099	70052	614988
10111	70052	614989
10124	70052	614990
10125	70052	614991
10131	70040	614992
10117	70057	614993
10102	70063	614994
10104	70063	614995
10106	70063	614996
10304	70033	614997
10305	70033	614998
367	70034	614999
10116	70063	615000
10115	70055	615001